name,start_lat,start_lon,mid_lat,mid_lon,stop_lat,stop_lon
south-park-drive, 					37.892247, -122.242051, 37.88973, -122.235252, 37.88000, -122.22599
centennial, 						 37.871608, -122.249310, 37.875867, -122.241965, 37.882772, -122.245855
claremont-avenue, 					37.860740, -122.244034, 37.867047, -122.230378, 37.868648, -122.217889
tunnel-road, 						37.850276, -122.226170, 37.856174, -122.215224, 37.847703, -122.201083
grizzly-peak-(skyline-to-claremont), 37.847837, -122.200633, 37.858111, -122.214026, 37.868264, -122.218326
grizzly-peak-(claremont-to-vollmer), 37.868400, -122.217658, 37.874641, -122.221661, 37.8794337, -122.221582
claremont-grizzly,					 37.860740, -122.244034, 37.867047, -122.230378, 37.8794337, -122.221582
Wildcat-canyon,						 37.899305, -122.211022, 37.900022, -122.226870, 37.905053, -122.243299
pinehurst-from-hairpin, 			 37.840714, -122.184846,  37.836266, -122.181342, 37.835969, -122.184626
Diablo-(junction-to-summit),		37.866717, -121.931847, 37.873441, -121.926534,  37.881585, -121.914771
Diablo-(south-gate-to-junction),	37.843967, -121.949003, 37.847048, -121.927811, 37.866431, -121.932027
